 A | B | C | D | G1 | G2 | G3 | G4 = X | G5 | G6 = Y |
 0 | 0 | 0 | 0 | 0  | 0  | 1  |   0    | 1  |    1
 0 | 0 | 0 | 1 | 0  | 0  | 0  |   0    | 1  |    1
 0 | 0 | 1 | 0 | 0  | 1  | 1  |   0    | 1  |    1
 0 | 0 | 1 | 1 | 0  | 1  | 0  |   0    | 1  |    1
 0 | 1 | 0 | 0 | 0  | 1  | 1  |   0    | 1  |    1
 0 | 1 | 0 | 1 | 0  | 1  | 1  |   0    | 1  |    1
 0 | 1 | 1 | 0 | 0  | 0  | 1  |   0    | 1  |    1
 0 | 1 | 1 | 1 | 0  | 0  | 1  |   0    | 1  |    1
 1 | 0 | 0 | 0 | 0  | 0  | 1  |   0    | 1  |    1
 1 | 0 | 0 | 1 | 0  | 0  | 0  |   0    | 1  |    1
 1 | 0 | 1 | 0 | 0  | 1  | 1  |   0    | 1  |    1
 1 | 0 | 1 | 1 | 0  | 1  | 0  |   0    | 1  |    1
 1 | 1 | 0 | 0 | 1  | 1  | 1  |   1    | 0  |    1
 1 | 1 | 0 | 1 | 1  | 1  | 1  |   1    | 0  |    1
 1 | 1 | 1 | 0 | 1  | 0  | 1  |   0    | 0  |    0
 1 | 1 | 1 | 1 | 1  | 0  | 1  |   0    | 0  |    0
